15 15
L 13 4 3 7
W 10 14 9 5
W 11 14 9 5
W 9 12 9 5
W 9 14 9 5
W 10 12 9 5
W 13 14 9 5
W 9 13 9 5
W 6 9 9 5
W 8 13 9 5
W 8 12 9 5
W 13 13 9 5
W 10 13 9 5
W 11 12 9 5
W 9 11 9 5
W 8 14 9 5
W 7 13 9 5
W 8 9 9 5
W 12 13 9 5
W 11 11 9 5
W 7 14 9 5
W 7 12 9 5
W 9 10 9 5
W 11 13 9 5
W 8 11 9 5
W 13 11 9 5
W 9 6 9 5
W 12 14 9 5
W 4 10 9 5
W 10 11 9 5
W 14 14 9 5
W 10 10 9 5
W 12 11 9 5
W 14 13 9 5
W 14 12 9 5
W 12 12 9 5
W 7 11 9 5
W 2 14 9 5
W 6 13 9 5
W 7 10 9 5
W 10 9 9 5
W 12 10 9 5
W 6 6 9 5
W 13 12 9 5
W 9 9 9 5
W 11 10 9 5
W 13 10 9 5
W 14 11 9 5
W 6 11 9 5
W 6 14 9 5
W 10 7 9 5
W 12 9 9 5
W 8 10 9 5
W 8 8 9 5
W 6 12 9 5
W 13 9 9 5
W 6 10 9 5
W 4 14 9 5
W 7 7 9 5
W 11 9 9 5
W 14 9 9 5
W 12 8 9 5
W 5 9 9 5
W 9 8 9 5
W 8 7 9 5
W 5 14 9 5
W 10 8 9 5
W 4 11 9 5
W 13 8 9 5
W 11 8 9 5
W 12 7 9 5
W 7 9 9 5
W 5 13 9 5
W 14 10 9 5
W 9 7 9 5
W 10 6 9 5
W 5 12 9 5
W 5 10 9 5
W 14 8 9 5
W 8 6 9 5
W 4 13 9 5
W 13 7 9 5
W 11 7 9 5
W 12 6 9 5
C 3 4 5 4
O 11 2 4 4
Z 13 5 2 1
G 14 7 0 0
J 5 0 99 0
B 8 2 10 0
B 9 2 10 0
B 7 2 10 0
B 8 1 10 0
